/dev/ttyACM0
2022-08-26 08:58:18
PY_VAR67PY_VAR68PY_VAR69PY_VAR70PY_VAR710700190007001919070019190700191907001919
0000000000
0700190007001900070019000700190007001900
0000000000
020920220209202202092022020920220209202207000700070007000700
0700190007001900070019000700190007001900
0000000000
090920220909202209092022090920220909202207000700070007000700
0700190007001900070019000700190007001900
0000000000
160920221609202216092022160920221609202207000700070007000700
0700190007001900070019000700190007001900
0000000000
230920222309202223092022230920222309202207000700070007000700
0700190007001900070019000700190007001900
0000000000
300920223009202230092022300920223009202207000700070007000700
0700190007001900070019000700190007001900
0000000000
071020220710202207102022071020220710202207000700070007000700
0700190007001900070019000700190007001900
0000000000
141020221410202214102022141020221410202207000700070007000700
0700190007001900070019000700190007001900
0000000000
211020222110202221102022211020222110202207000700070007000700
0700190007001900070019000700190007001900
0000000000
281020222810202228102022281020222810202207000700070007000700
0700190007001900070019000700190007001900
0000000000
041120220411202204112022041120220411202207000700070007000700
0700190007001900070019000700190007001900
0000000000
111120221111202211112022111120221111202207000700070007000700
HH:MM:SS MO/DY/YEAR LED01 PIR01 LED02 PIR02 LED03 PIR03 LED04 PIR04 LED05 PIR05
08:59:59 08/26/2022 00000 00000 00000 00000 00000 00000 00000 00000 00000 00000  
09:00:59 08/26/2022 00000 00000 00000 00000 00000 00000 00000 00000 00000 00000  
09:01:59 08/26/2022 00000 00000 00000 00000 00000 00000 00000 00000 00000 00000  
09:02:59 08/26/2022 00000 00000 00000 00000 00000 00000 00000 00000 00000 00000  
09:03:59 08/26/2022 00000 00000 00000 00000 00000 00000 00000 00000 00000 00000  
09:04:59 08/26/2022 00000 00000 00000 00000 00000 00000 00000 00000 00000 00000  
09:05:59 08/26/2022 00000 00000 00000 00000 00000 00000 00000 00000 00000 00000  
09:06:59 08/26/2022 00000 00000 00000 00000 00000 00000 00000 00000 00000 00000  
09:07:59 08/26/2022 00000 00000 00000 00000 00000 00000 00000 00000 00000 00000  
09:08:59 08/26/2022 00000 00000 00000 00000 00000 00000 00000 00000 00000 00000  
09:09:59 08/26/2022 00000 00000 00000 00000 00000 00000 00000 00000 00000 00000  
09:10:59 08/26/2022 00000 00000 00000 00000 00000 00000 00000 00000 00000 00000  
09:11:59 08/26/2022 00000 00000 00000 00000 00000 00000 00000 00000 00000 00000  
